13
46 85 108 139 415 322 213 385 143 183 446 99 332 433 0
7168 7828 11177 12562 2654 4097 7161 6105 0
4591 13567 11702 2096 398 13152 4800 3823 1201 1681 14103 8001 0
217 186 85 127 146 163 115 2 29 33 198 71 97 54 0
44 238 225 227 15 231 176 90 35 195 116 255 0
138 96 28 477 600 609 103 0
872 660 1526 1996 2212 0
151 193 16 119 163 30 94 83 119 128 21 0
671 447 1282 862 501 188 14 1719 393 80 900 829 410 1663 1827 0
27 336 148 90 811 798 209 160 102 684 669 184 597 0
1639 1579 1900 92 1766 1913 0
250 83 118 45 35 90 234 136 97 62 173 119 9 116 0
282 172 431 374 470 505 122 367 388 84 390 317 0