26
-5271420 -1979425 -5961910
4104041 -5741601 5794349
5168290 -9051263 -3454062
8057301 -7755182 2188156
4845381 -2159849 -4849064
-4897315 3172155 8812090
2970199 8357226 4131359
7005077 7062452 5977097
5062116 -6239025 1869003
-9095010 -4074504 -7787494
2940192 654076 233080
6978282 -5241882 4491479
2772631 9926407 5440215
9318568 7983708 7685032
1506725 2829090 -4474817
6657660 7931774 8697338
5469750 901974 7054564
-398890 -2092949 4117017
-4421793 -7030833 7877991
7447210 -6125844 -6196513
9659715 6814348 4457563
-107205 3792630 9215680
-5615726 -3434738 9142087
9824488 -4116170 7125796
7509521 7390554 -45114
-6965296 4048214 -2113340